573.67668
573.67673
573.67675
573.67676
573.67677
573.67681
573.67682
573.67684
573.67685
573.67686
573.67687
573.67688
573.67689
573.67691
573.67692
573.67693
573.67694
573.67698
574.121
574.122
72407.2903
72407.2904
72407.2905
72407.2908
72407.2909
72407.2911
72407.2913
72407.2915
72407.2916
72407.2917
72407.2918
72407.2919
72407.2921
72407.2922
72407.2923
72407.2924
72407.2925
72407.2926
72407.2928
72407.2929
72407.2931
72407.2932
72407.2933
72407.2934
72407.2937
72407.2938
72407.2939
72407.2941
72407.2942
72407.2943
72407.2944
72407.2945
72407.2946
72407.2947
72407.2948
72407.2949
72407.2951
72407.2952
72407.2953
72407.2954
72407.2955
72407.2961
72407.2962
72407.2963
72407.2964
72407.2965
72407.2966
72407.2967
72407.2971

